P0: 718.856 0.0 607.1928 0.0 0.0 718.856 185.2157 0.0 0.0 0.0 1.0 0.0
P1: 718.856 0.0 607.1928 -386.1448 0.0 718.856 185.2157 0.0 0.0 0.0 1.0 0.0
P2: 718.856 0.0 607.1928 45.38225 0.0 718.856 185.2157 -0.1130887 0.0 0.0 1.0 0.003779761
P3: 718.856 0.0 607.1928 -337.2877 0.0 718.856 185.2157 2.369057 0.0 0.0 1.0 0.004915215
Tr: 0.0004276802385584 -0.9999672484946 -0.008084491683471 -0.01198459927713 -0.007210626507497 0.008081198471645 -0.9999413164504 -0.05403984729748 0.9999738645903 0.000485948581039 -0.007206933692422 -0.2921968648686
sensor: 1.0 0.0 0.0 0.0 0.0 1.0 0.0 0.0 0.0 0.0 1.0 1.7999999523162842